fx: 908.1286805363305
fy: 908.6504899131667
cx: 573.1734967410252
cy: 461.7797150177321
k1: 0.013919634121503452
k2: 0.05126755406314241
p1: 0.0015114910405962395
p2: 0.001145895728355362
k3: -0.22226158566827822
